Yashodhans-MacBook-Pro:Task_2 yashodhan$ python3 main.py
1 => 182.0 - 60.1756
2 => 202.0 - 52.1659
3 => 162.0 - 51.1306
4 => 183.0 - 49.4196
5 => 180.0 - 49.1766
6 => 160.0 - 48.6496
7 => 203.0 - 46.0916
8 => 163.0 - 44.3348
9 => 140.0 - 41.1807
10 => 142.0 - 38.5038
11 => 143.0 - 38.4099
12 => 32.0 - 37.8602
13 => 33.0 - 36.915
14 => 31.0 - 36.1701
15 => 200.0 - 35.9715
16 => 34.0 - 33.82
17 => 308.0 - 32.5802
18 => 288.0 - 32.0705
19 => 179.0 - 32.0114
20 => 159.0 - 31.9278
21 => 311.0 - 31.7864
22 => 313.0 - 31.5493
23 => 294.0 - 31.5325
24 => 123.0 - 31.1324
25 => 30.0 - 30.7683
26 => 35.0 - 30.3633
27 => 310.0 - 30.3425
28 => 54.0 - 30.2656
29 => 220.0 - 30.1276
30 => 312.0 - 30.0224
31 => 222.0 - 30.0112
32 => 139.0 - 29.9354
33 => 120.0 - 29.8706
34 => 309.0 - 29.7992
35 => 293.0 - 29.7933
36 => 287.0 - 29.306
37 => 53.0 - 29.0822
38 => 52.0 - 28.9204
39 => 314.0 - 28.8313
40 => 292.0 - 28.2342
41 => 295.0 - 28.2077
42 => 289.0 - 27.3848
43 => 307.0 - 26.9969
44 => 315.0 - 26.7252
45 => 286.0 - 26.3869
46 => 199.0 - 26.1882
47 => 219.0 - 26.0359
48 => 119.0 - 25.8892
49 => 223.0 - 25.3728
50 => 122.0 - 25.2237
51 => 291.0 - 24.2335
52 => 72.0 - 23.5819
53 => 242.0 - 23.532
54 => 290.0 - 23.0684
55 => 36.0 - 22.8399
56 => 51.0 - 22.7639
57 => 29.0 - 22.6614
58 => 55.0 - 22.5686
59 => 302.0 - 22.4334
60 => 259.0 - 22.3325
61 => 296.0 - 21.7951
62 => 316.0 - 21.6857
63 => 240.0 - 21.6051
64 => 100.0 - 21.0146
65 => 99.0 - 20.7658
66 => 50.0 - 20.6692
67 => 239.0 - 20.3539
68 => 273.0 - 20.1646
69 => 71.0 - 19.8325
70 => 306.0 - 19.6283
71 => 103.0 - 19.5099
72 => 260.0 - 19.4675
73 => 285.0 - 19.4308
74 => 279.0 - 19.1712
75 => 301.0 - 19.1699
76 => 272.0 - 18.9814
77 => 164.0 - 18.8742
78 => 102.0 - 18.5601
79 => 274.0 - 18.3754
80 => 73.0 - 18.3192
81 => 267.0 - 17.8862
82 => 150.0 - 17.7374
83 => 144.0 - 17.6913
84 => 184.0 - 17.6215
85 => 37.0 - 17.5696
86 => 204.0 - 17.4953
87 => 298.0 - 17.4811
88 => 319.0 - 17.3448
89 => 299.0 - 17.1611
90 => 297.0 - 16.9888
91 => 28.0 - 16.81
92 => 303.0 - 16.7325
93 => 268.0 - 16.7146
94 => 317.0 - 16.6255
95 => 318.0 - 16.5662
96 => 151.0 - 16.5347
97 => 320.0 - 16.3834
98 => 278.0 - 16.3595
99 => 56.0 - 16.2922
100 => 49.0 - 16.1664

Predicted Classes :

[ 1.  1.  1.  1.  1.  1.  1.  1.  1.  1.  1.  1.  1.  1.  1.  1.  1.  1.
  1.  2.  2.  2.  2.  2.  2.  2.  2.  2.  2.  2.  2.  2.  2.  2.  2.  2.
  2.  2.  3.  3.  3.  3.  3.  3.  3.  3.  3.  3.  3.  3.  3.  3.  3.  3.
  3.  3.  3.  4.  4.  4.  4.  4.  4.  4.  4.  4.  4.  4.  4.  4.  4.  4.
  4.  4.  4.  4.  5.  5.  5.  5.  5.  5.  5.  5.  5.  5.  5.  5.  5.  5.
  5.  5.  5.  5.  5.  6.  6.  6.  6.  6.  6.  6.  6.  6.  6.  6.  6.  6.
  6.  6.  6.  6.  6.  6.  7.  7.  7.  7.  7.  7.  7.  7.  7.  7.  7.  7.
  7.  7.  7.  7.  7.  7.  7.  8.  8.  8.  8.  8.  8.  8.  8.  8.  8.  8.
  8.  8.  8.  8.  8.  8.  8.  8.  9.  9.  9.  9.  9.  9.  9.  9.  9.  9.
  9.  9.  9.  9.  9.  9.  9.  9.  9. 10. 10. 10. 10. 10. 10. 10. 10. 10.
 10. 10. 10. 10. 10. 10. 10. 10. 10. 10. 11. 11. 11. 11. 11. 11. 11. 11.
 11. 11. 11. 11. 11. 11. 11. 11. 11. 11. 11. 12. 12. 12. 12. 12. 12. 12.
 12. 12. 12. 12. 12. 12. 12. 12. 12. 12. 12. 12. 13. 13. 13. 13. 13. 13.
 13. 13. 13. 13. 13. 13. 13. 13. 13. 13. 13. 13. 13. 14. 14. 14. 14. 14.
 14. 14. 14. 14. 14. 14. 14. 14. 14. 14. 14. 14. 14. 14. 15. 15. 15. 15.
 15. 15. 15. 15. 15. 15. 15. 15. 15. 15. 15. 15. 15. 15. 15. 16. 16. 16.
 16. 16. 16. 16. 16. 16. 16. 16. 16. 16. 16. 16. 16. 16. 16. 16. 17. 17.
 17. 17. 17. 17. 17. 17. 17. 17. 17. 17. 17. 17. 17. 17. 17. 17. 17. 18.
 18. 18. 18. 18. 18. 18. 18. 18. 18. 18. 18. 18. 18. 18. 18. 18. 18. 18.
 19. 19. 19. 19. 19. 19. 19. 19. 19. 19. 19. 19. 19. 19. 19. 19. 19. 19.
 19. 20. 20. 20. 20. 20. 20. 20. 20. 20. 20. 20. 20. 20. 20. 20. 20. 20.
 20. 20. 21. 21. 21. 21. 21. 21. 21. 21. 21. 21. 21. 21. 21. 21. 21. 21.
 21. 21. 21. 22. 22. 22. 22. 22. 22. 22. 22. 22. 22. 22. 22. 22. 22. 22.
 22. 22. 22. 22. 23. 23. 23. 23. 23. 23. 23. 23. 23. 23. 23. 23. 23. 23.
 23. 23. 23. 23. 23. 24. 24. 24. 24. 24. 24. 24. 24. 24. 24. 24. 24. 24.
 24. 24. 24. 24. 24. 24. 25. 25. 25. 25. 25. 25. 25. 25. 25. 25. 25. 25.
 25. 25. 25. 25. 25. 25. 25. 26. 26. 26. 26. 26. 26. 26. 26. 26. 26. 26.
 26. 26. 26. 26. 26. 26. 26. 26.]
